0 0 yuv/src01_640x480_hrc00.yuv yuv/src01_640x480_hrc03.yuv 1.1034 640 480 250
0 0 yuv/src01_640x480_hrc00.yuv yuv/src01_640x480_hrc08.yuv 1.5517 640 480 250
0 0 yuv/src01_640x480_hrc00.yuv yuv/src01_640x480_hrc09.yuv 2.6897 640 480 250
0 0 yuv/src01_640x480_hrc00.yuv yuv/src01_640x480_hrc15.yuv 4.0345 640 480 250
1 0 yuv/src02_640x480_hrc00.yuv yuv/src02_640x480_hrc02.yuv 1.1379 640 480 250
1 0 yuv/src02_640x480_hrc00.yuv yuv/src02_640x480_hrc08.yuv 2.5517 640 480 250
1 0 yuv/src02_640x480_hrc00.yuv yuv/src02_640x480_hrc10.yuv 4.1034 640 480 250
1 0 yuv/src02_640x480_hrc00.yuv yuv/src02_640x480_hrc18.yuv 3.4138 640 480 250
2 0 yuv/src03_640x480_hrc00.yuv yuv/src03_640x480_hrc04.yuv 2.1034 640 480 250
2 0 yuv/src03_640x480_hrc00.yuv yuv/src03_640x480_hrc06.yuv 1.2759 640 480 250
2 0 yuv/src03_640x480_hrc00.yuv yuv/src03_640x480_hrc15.yuv 4.0000 640 480 250
2 0 yuv/src03_640x480_hrc00.yuv yuv/src03_640x480_hrc17.yuv 3.4828 640 480 250
3 0 yuv/src04_640x480_hrc00.yuv yuv/src04_640x480_hrc06.yuv 1.3793 640 480 250
3 0 yuv/src04_640x480_hrc00.yuv yuv/src04_640x480_hrc15.yuv 4.0690 640 480 250
3 0 yuv/src04_640x480_hrc00.yuv yuv/src04_640x480_hrc16.yuv 2.4483 640 480 250
3 0 yuv/src04_640x480_hrc00.yuv yuv/src04_640x480_hrc18.yuv 3.3103 640 480 250
4 0 yuv/src05_640x480_hrc00.yuv yuv/src05_640x480_hrc06.yuv 1.1034 640 480 250
4 0 yuv/src05_640x480_hrc00.yuv yuv/src05_640x480_hrc14.yuv 1.7931 640 480 250
4 0 yuv/src05_640x480_hrc00.yuv yuv/src05_640x480_hrc15.yuv 3.6897 640 480 250
4 0 yuv/src05_640x480_hrc00.yuv yuv/src05_640x480_hrc17.yuv 2.8276 640 480 250
5 0 yuv/src06_640x480_hrc00.yuv yuv/src06_640x480_hrc03.yuv 1.5862 640 480 250
5 0 yuv/src06_640x480_hrc00.yuv yuv/src06_640x480_hrc08.yuv 2.8621 640 480 250
5 0 yuv/src06_640x480_hrc00.yuv yuv/src06_640x480_hrc15.yuv 4.3793 640 480 250
5 0 yuv/src06_640x480_hrc00.yuv yuv/src06_640x480_hrc18.yuv 3.5862 640 480 250
6 0 yuv/src07_640x480_hrc00.yuv yuv/src07_640x480_hrc06.yuv 1.8621 640 480 250
6 0 yuv/src07_640x480_hrc00.yuv yuv/src07_640x480_hrc08.yuv 2.5172 640 480 250
6 0 yuv/src07_640x480_hrc00.yuv yuv/src07_640x480_hrc18.yuv 3.7931 640 480 250
6 0 yuv/src07_640x480_hrc00.yuv yuv/src07_640x480_hrc19.yuv 4.4483 640 480 250
7 0 yuv/src08_640x480_hrc00.yuv yuv/src08_640x480_hrc03.yuv 1.2759 640 480 250
7 0 yuv/src08_640x480_hrc00.yuv yuv/src08_640x480_hrc15.yuv 3.8621 640 480 250
7 0 yuv/src08_640x480_hrc00.yuv yuv/src08_640x480_hrc17.yuv 3.1379 640 480 250
7 0 yuv/src08_640x480_hrc00.yuv yuv/src08_640x480_hrc20.yuv 2.1724 640 480 250
8 0 yuv/src09_640x480_hrc00.yuv yuv/src09_640x480_hrc01.yuv 1.0000 640 480 250
8 0 yuv/src09_640x480_hrc00.yuv yuv/src09_640x480_hrc08.yuv 1.6207 640 480 250
8 0 yuv/src09_640x480_hrc00.yuv yuv/src09_640x480_hrc15.yuv 4.2414 640 480 250
8 0 yuv/src09_640x480_hrc00.yuv yuv/src09_640x480_hrc18.yuv 3.0690 640 480 250
9 0 yuv/src10_640x480_hrc00.yuv yuv/src10_640x480_hrc01.yuv 1.0345 640 480 250
9 0 yuv/src10_640x480_hrc00.yuv yuv/src10_640x480_hrc13.yuv 3.4138 640 480 250
9 0 yuv/src10_640x480_hrc00.yuv yuv/src10_640x480_hrc14.yuv 2.5862 640 480 250
9 0 yuv/src10_640x480_hrc00.yuv yuv/src10_640x480_hrc19.yuv 4.4828 640 480 250
10 0 yuv/src11_640x480_hrc00.yuv yuv/src11_640x480_hrc02.yuv 1.2759 640 480 250
10 0 yuv/src11_640x480_hrc00.yuv yuv/src11_640x480_hrc05.yuv 3.2414 640 480 250
10 0 yuv/src11_640x480_hrc00.yuv yuv/src11_640x480_hrc10.yuv 3.7931 640 480 250
10 0 yuv/src11_640x480_hrc00.yuv yuv/src11_640x480_hrc20.yuv 2.7931 640 480 250
11 0 yuv/src12_640x480_hrc00.yuv yuv/src12_640x480_hrc01.yuv 1.1379 640 480 250
11 0 yuv/src12_640x480_hrc00.yuv yuv/src12_640x480_hrc13.yuv 3.8966 640 480 250
11 0 yuv/src12_640x480_hrc00.yuv yuv/src12_640x480_hrc16.yuv 2.7931 640 480 250
11 0 yuv/src12_640x480_hrc00.yuv yuv/src12_640x480_hrc19.yuv 4.2414 640 480 250
12 0 yuv/src13_640x480_hrc00.yuv yuv/src13_640x480_hrc01.yuv 1.2069 640 480 250
12 0 yuv/src13_640x480_hrc00.yuv yuv/src13_640x480_hrc07.yuv 2.9310 640 480 250
12 0 yuv/src13_640x480_hrc00.yuv yuv/src13_640x480_hrc17.yuv 3.4138 640 480 250
12 0 yuv/src13_640x480_hrc00.yuv yuv/src13_640x480_hrc19.yuv 3.7931 640 480 250
13 0 yuv/src14_640x480_hrc00.yuv yuv/src14_640x480_hrc06.yuv 1.4138 640 480 250
13 0 yuv/src14_640x480_hrc00.yuv yuv/src14_640x480_hrc08.yuv 2.0000 640 480 250
13 0 yuv/src14_640x480_hrc00.yuv yuv/src14_640x480_hrc09.yuv 2.9310 640 480 250
13 0 yuv/src14_640x480_hrc00.yuv yuv/src14_640x480_hrc19.yuv 3.4828 640 480 250
14 0 yuv/src15_640x480_hrc00.yuv yuv/src15_640x480_hrc06.yuv 1.3103 640 480 250
14 0 yuv/src15_640x480_hrc00.yuv yuv/src15_640x480_hrc13.yuv 3.2759 640 480 250
14 0 yuv/src15_640x480_hrc00.yuv yuv/src15_640x480_hrc14.yuv 2.1034 640 480 250
14 0 yuv/src15_640x480_hrc00.yuv yuv/src15_640x480_hrc15.yuv 3.9310 640 480 250
15 0 yuv/src16_640x480_hrc00.yuv yuv/src16_640x480_hrc06.yuv 1.6552 640 480 250
15 0 yuv/src16_640x480_hrc00.yuv yuv/src16_640x480_hrc18.yuv 3.1379 640 480 250
15 0 yuv/src16_640x480_hrc00.yuv yuv/src16_640x480_hrc19.yuv 4.6207 640 480 250
15 0 yuv/src16_640x480_hrc00.yuv yuv/src16_640x480_hrc20.yuv 2.8966 640 480 250
16 0 yuv/src17_640x480_hrc00.yuv yuv/src17_640x480_hrc03.yuv 1.5517 640 480 250
16 0 yuv/src17_640x480_hrc00.yuv yuv/src17_640x480_hrc05.yuv 3.6207 640 480 250
16 0 yuv/src17_640x480_hrc00.yuv yuv/src17_640x480_hrc10.yuv 4.0000 640 480 250
16 0 yuv/src17_640x480_hrc00.yuv yuv/src17_640x480_hrc16.yuv 2.3793 640 480 250
17 0 yuv/src18_640x480_hrc00.yuv yuv/src18_640x480_hrc06.yuv 1.1724 640 480 250
17 0 yuv/src18_640x480_hrc00.yuv yuv/src18_640x480_hrc10.yuv 3.8966 640 480 250
17 0 yuv/src18_640x480_hrc00.yuv yuv/src18_640x480_hrc14.yuv 2.0345 640 480 250
17 0 yuv/src18_640x480_hrc00.yuv yuv/src18_640x480_hrc18.yuv 2.3793 640 480 250
18 0 yuv/src19_640x480_hrc00.yuv yuv/src19_640x480_hrc06.yuv 1.5172 640 480 250
18 0 yuv/src19_640x480_hrc00.yuv yuv/src19_640x480_hrc08.yuv 2.3103 640 480 250
18 0 yuv/src19_640x480_hrc00.yuv yuv/src19_640x480_hrc09.yuv 3.4138 640 480 250
18 0 yuv/src19_640x480_hrc00.yuv yuv/src19_640x480_hrc19.yuv 4.2759 640 480 250
19 0 yuv/src20_640x480_hrc00.yuv yuv/src20_640x480_hrc01.yuv 1.0345 640 480 250
19 0 yuv/src20_640x480_hrc00.yuv yuv/src20_640x480_hrc05.yuv 3.9655 640 480 250
19 0 yuv/src20_640x480_hrc00.yuv yuv/src20_640x480_hrc08.yuv 2.4828 640 480 250
19 0 yuv/src20_640x480_hrc00.yuv yuv/src20_640x480_hrc10.yuv 4.4138 640 480 250
20 0 yuv/src21_640x480_hrc00.yuv yuv/src21_640x480_hrc01.yuv 1.0345 640 480 250
20 0 yuv/src21_640x480_hrc00.yuv yuv/src21_640x480_hrc11.yuv 2.8276 640 480 250
20 0 yuv/src21_640x480_hrc00.yuv yuv/src21_640x480_hrc13.yuv 3.5862 640 480 250
20 0 yuv/src21_640x480_hrc00.yuv yuv/src21_640x480_hrc19.yuv 4.1379 640 480 250
21 0 yuv/src22_640x480_hrc00.yuv yuv/src22_640x480_hrc02.yuv 1.3103 640 480 250
21 0 yuv/src22_640x480_hrc00.yuv yuv/src22_640x480_hrc05.yuv 3.3793 640 480 250
21 0 yuv/src22_640x480_hrc00.yuv yuv/src22_640x480_hrc08.yuv 2.1034 640 480 250
21 0 yuv/src22_640x480_hrc00.yuv yuv/src22_640x480_hrc15.yuv 4.0690 640 480 250
22 0 yuv/src23_640x480_hrc00.yuv yuv/src23_640x480_hrc02.yuv 1.8621 640 480 250
22 0 yuv/src23_640x480_hrc00.yuv yuv/src23_640x480_hrc07.yuv 2.7931 640 480 250
22 0 yuv/src23_640x480_hrc00.yuv yuv/src23_640x480_hrc17.yuv 3.7931 640 480 250
22 0 yuv/src23_640x480_hrc00.yuv yuv/src23_640x480_hrc19.yuv 4.2069 640 480 250
23 0 yuv/src24_640x480_hrc00.yuv yuv/src24_640x480_hrc06.yuv 1.7931 640 480 250
23 0 yuv/src24_640x480_hrc00.yuv yuv/src24_640x480_hrc07.yuv 2.4138 640 480 250
23 0 yuv/src24_640x480_hrc00.yuv yuv/src24_640x480_hrc15.yuv 4.1724 640 480 250
23 0 yuv/src24_640x480_hrc00.yuv yuv/src24_640x480_hrc17.yuv 3.9310 640 480 250
24 0 yuv/src25_640x480_hrc00.yuv yuv/src25_640x480_hrc03.yuv 1.6897 640 480 250
24 0 yuv/src25_640x480_hrc00.yuv yuv/src25_640x480_hrc10.yuv 3.7586 640 480 250
24 0 yuv/src25_640x480_hrc00.yuv yuv/src25_640x480_hrc18.yuv 2.9310 640 480 250
24 0 yuv/src25_640x480_hrc00.yuv yuv/src25_640x480_hrc20.yuv 2.7931 640 480 250
25 0 yuv/src26_640x480_hrc00.yuv yuv/src26_640x480_hrc03.yuv 1.7241 640 480 250
25 0 yuv/src26_640x480_hrc00.yuv yuv/src26_640x480_hrc08.yuv 2.7586 640 480 250
25 0 yuv/src26_640x480_hrc00.yuv yuv/src26_640x480_hrc12.yuv 4.5517 640 480 250
25 0 yuv/src26_640x480_hrc00.yuv yuv/src26_640x480_hrc17.yuv 4.1724 640 480 250
26 0 yuv/src27_640x480_hrc00.yuv yuv/src27_640x480_hrc02.yuv 1.8966 640 480 250
26 0 yuv/src27_640x480_hrc00.yuv yuv/src27_640x480_hrc09.yuv 4.0000 640 480 250
26 0 yuv/src27_640x480_hrc00.yuv yuv/src27_640x480_hrc15.yuv 4.3793 640 480 250
26 0 yuv/src27_640x480_hrc00.yuv yuv/src27_640x480_hrc20.yuv 3.1379 640 480 250
27 0 yuv/src28_640x480_hrc00.yuv yuv/src28_640x480_hrc05.yuv 3.9310 640 480 250
27 0 yuv/src28_640x480_hrc00.yuv yuv/src28_640x480_hrc06.yuv 1.8966 640 480 250
27 0 yuv/src28_640x480_hrc00.yuv yuv/src28_640x480_hrc07.yuv 2.5517 640 480 250
27 0 yuv/src28_640x480_hrc00.yuv yuv/src28_640x480_hrc12.yuv 4.2414 640 480 250
28 0 yuv/src29_640x480_hrc00.yuv yuv/src29_640x480_hrc05.yuv 3.9655 640 480 250
28 0 yuv/src29_640x480_hrc00.yuv yuv/src29_640x480_hrc06.yuv 1.5517 640 480 250
28 0 yuv/src29_640x480_hrc00.yuv yuv/src29_640x480_hrc07.yuv 2.0690 640 480 250
28 0 yuv/src29_640x480_hrc00.yuv yuv/src29_640x480_hrc15.yuv 4.3448 640 480 250
29 0 yuv/src30_640x480_hrc00.yuv yuv/src30_640x480_hrc02.yuv 1.3793 640 480 250
29 0 yuv/src30_640x480_hrc00.yuv yuv/src30_640x480_hrc05.yuv 3.7586 640 480 250
29 0 yuv/src30_640x480_hrc00.yuv yuv/src30_640x480_hrc15.yuv 4.4828 640 480 250
29 0 yuv/src30_640x480_hrc00.yuv yuv/src30_640x480_hrc16.yuv 2.2759 640 480 250
30 0 yuv/src31_640x480_hrc00.yuv yuv/src31_640x480_hrc03.yuv 1.8621 640 480 250
30 0 yuv/src31_640x480_hrc00.yuv yuv/src31_640x480_hrc07.yuv 2.4828 640 480 250
30 0 yuv/src31_640x480_hrc00.yuv yuv/src31_640x480_hrc13.yuv 3.8276 640 480 250
30 0 yuv/src31_640x480_hrc00.yuv yuv/src31_640x480_hrc19.yuv 4.3103 640 480 250
31 0 yuv/src32_640x480_hrc00.yuv yuv/src32_640x480_hrc06.yuv 1.3793 640 480 250
31 0 yuv/src32_640x480_hrc00.yuv yuv/src32_640x480_hrc15.yuv 3.7931 640 480 250
31 0 yuv/src32_640x480_hrc00.yuv yuv/src32_640x480_hrc17.yuv 3.5517 640 480 250
31 0 yuv/src32_640x480_hrc00.yuv yuv/src32_640x480_hrc20.yuv 2.6552 640 480 250
32 0 yuv/src33_640x480_hrc00.yuv yuv/src33_640x480_hrc02.yuv 1.2414 640 480 250
32 0 yuv/src33_640x480_hrc00.yuv yuv/src33_640x480_hrc07.yuv 2.0345 640 480 250
32 0 yuv/src33_640x480_hrc00.yuv yuv/src33_640x480_hrc10.yuv 4.2759 640 480 250
32 0 yuv/src33_640x480_hrc00.yuv yuv/src33_640x480_hrc13.yuv 3.7241 640 480 250
33 0 yuv/src34_640x480_hrc00.yuv yuv/src34_640x480_hrc04.yuv 3.0690 640 480 250
33 0 yuv/src34_640x480_hrc00.yuv yuv/src34_640x480_hrc06.yuv 2.2069 640 480 250
33 0 yuv/src34_640x480_hrc00.yuv yuv/src34_640x480_hrc09.yuv 4.1379 640 480 250
33 0 yuv/src34_640x480_hrc00.yuv yuv/src34_640x480_hrc12.yuv 4.7931 640 480 250
34 0 yuv/src35_640x480_hrc00.yuv yuv/src35_640x480_hrc02.yuv 1.6207 640 480 250
34 0 yuv/src35_640x480_hrc00.yuv yuv/src35_640x480_hrc07.yuv 2.5862 640 480 250
34 0 yuv/src35_640x480_hrc00.yuv yuv/src35_640x480_hrc13.yuv 3.3103 640 480 250
34 0 yuv/src35_640x480_hrc00.yuv yuv/src35_640x480_hrc15.yuv 3.8621 640 480 250
35 0 yuv/src36_640x480_hrc00.yuv yuv/src36_640x480_hrc05.yuv 3.6897 640 480 250
35 0 yuv/src36_640x480_hrc00.yuv yuv/src36_640x480_hrc12.yuv 4.3448 640 480 250
35 0 yuv/src36_640x480_hrc00.yuv yuv/src36_640x480_hrc13.yuv 3.3793 640 480 250
35 0 yuv/src36_640x480_hrc00.yuv yuv/src36_640x480_hrc20.yuv 2.7241 640 480 250
36 0 yuv/src37_640x480_hrc00.yuv yuv/src37_640x480_hrc01.yuv 1.0000 640 480 250
36 0 yuv/src37_640x480_hrc00.yuv yuv/src37_640x480_hrc08.yuv 2.3793 640 480 250
36 0 yuv/src37_640x480_hrc00.yuv yuv/src37_640x480_hrc10.yuv 4.2069 640 480 250
36 0 yuv/src37_640x480_hrc00.yuv yuv/src37_640x480_hrc17.yuv 3.5862 640 480 250
37 0 yuv/src38_640x480_hrc00.yuv yuv/src38_640x480_hrc03.yuv 1.4828 640 480 250
37 0 yuv/src38_640x480_hrc00.yuv yuv/src38_640x480_hrc08.yuv 2.3793 640 480 250
37 0 yuv/src38_640x480_hrc00.yuv yuv/src38_640x480_hrc10.yuv 4.3793 640 480 250
37 0 yuv/src38_640x480_hrc00.yuv yuv/src38_640x480_hrc13.yuv 3.8621 640 480 250
38 0 yuv/src39_640x480_hrc00.yuv yuv/src39_640x480_hrc01.yuv 1.1034 640 480 250
38 0 yuv/src39_640x480_hrc00.yuv yuv/src39_640x480_hrc14.yuv 2.4828 640 480 250
38 0 yuv/src39_640x480_hrc00.yuv yuv/src39_640x480_hrc15.yuv 3.7931 640 480 250
38 0 yuv/src39_640x480_hrc00.yuv yuv/src39_640x480_hrc18.yuv 3.0345 640 480 250
39 0 yuv/src40_640x480_hrc00.yuv yuv/src40_640x480_hrc06.yuv 2.2759 640 480 250
39 0 yuv/src40_640x480_hrc00.yuv yuv/src40_640x480_hrc08.yuv 3.3793 640 480 250
39 0 yuv/src40_640x480_hrc00.yuv yuv/src40_640x480_hrc09.yuv 4.1034 640 480 250
39 0 yuv/src40_640x480_hrc00.yuv yuv/src40_640x480_hrc12.yuv 4.2759 640 480 250
40 0 yuv/src41_640x480_hrc00.yuv yuv/src41_640x480_hrc03.yuv 1.4483 640 480 250
40 0 yuv/src41_640x480_hrc00.yuv yuv/src41_640x480_hrc18.yuv 3.3448 640 480 250
40 0 yuv/src41_640x480_hrc00.yuv yuv/src41_640x480_hrc19.yuv 4.3448 640 480 250
40 0 yuv/src41_640x480_hrc00.yuv yuv/src41_640x480_hrc20.yuv 2.8966 640 480 250
41 0 yuv/src42_640x480_hrc00.yuv yuv/src42_640x480_hrc06.yuv 2.2069 640 480 250
41 0 yuv/src42_640x480_hrc00.yuv yuv/src42_640x480_hrc15.yuv 4.4828 640 480 250
41 0 yuv/src42_640x480_hrc00.yuv yuv/src42_640x480_hrc17.yuv 4.0690 640 480 250
41 0 yuv/src42_640x480_hrc00.yuv yuv/src42_640x480_hrc20.yuv 2.8621 640 480 250
42 0 yuv/src43_640x480_hrc00.yuv yuv/src43_640x480_hrc03.yuv 2.0690 640 480 250
42 0 yuv/src43_640x480_hrc00.yuv yuv/src43_640x480_hrc05.yuv 4.2759 640 480 250
42 0 yuv/src43_640x480_hrc00.yuv yuv/src43_640x480_hrc15.yuv 4.4138 640 480 250
42 0 yuv/src43_640x480_hrc00.yuv yuv/src43_640x480_hrc20.yuv 3.6897 640 480 250
43 0 yuv/src44_640x480_hrc00.yuv yuv/src44_640x480_hrc06.yuv 2.0000 640 480 250
43 0 yuv/src44_640x480_hrc00.yuv yuv/src44_640x480_hrc09.yuv 3.8621 640 480 250
43 0 yuv/src44_640x480_hrc00.yuv yuv/src44_640x480_hrc10.yuv 4.4138 640 480 250
43 0 yuv/src44_640x480_hrc00.yuv yuv/src44_640x480_hrc14.yuv 2.8276 640 480 250
44 0 yuv/src45_640x480_hrc00.yuv yuv/src45_640x480_hrc01.yuv 1.1724 640 480 250
44 0 yuv/src45_640x480_hrc00.yuv yuv/src45_640x480_hrc09.yuv 4.1724 640 480 250
44 0 yuv/src45_640x480_hrc00.yuv yuv/src45_640x480_hrc10.yuv 4.6552 640 480 250
44 0 yuv/src45_640x480_hrc00.yuv yuv/src45_640x480_hrc16.yuv 2.9655 640 480 250
45 0 yuv/src46_640x480_hrc00.yuv yuv/src46_640x480_hrc03.yuv 2.1034 640 480 250
45 0 yuv/src46_640x480_hrc00.yuv yuv/src46_640x480_hrc04.yuv 2.7586 640 480 250
45 0 yuv/src46_640x480_hrc00.yuv yuv/src46_640x480_hrc09.yuv 3.8621 640 480 250
45 0 yuv/src46_640x480_hrc00.yuv yuv/src46_640x480_hrc10.yuv 4.4828 640 480 250
46 0 yuv/src47_640x480_hrc00.yuv yuv/src47_640x480_hrc02.yuv 1.8966 640 480 250
46 0 yuv/src47_640x480_hrc00.yuv yuv/src47_640x480_hrc04.yuv 3.1724 640 480 250
46 0 yuv/src47_640x480_hrc00.yuv yuv/src47_640x480_hrc05.yuv 3.9310 640 480 250
46 0 yuv/src47_640x480_hrc00.yuv yuv/src47_640x480_hrc15.yuv 3.9310 640 480 250
47 0 yuv/src48_640x480_hrc00.yuv yuv/src48_640x480_hrc03.yuv 1.3448 640 480 250
47 0 yuv/src48_640x480_hrc00.yuv yuv/src48_640x480_hrc10.yuv 3.9310 640 480 250
47 0 yuv/src48_640x480_hrc00.yuv yuv/src48_640x480_hrc11.yuv 2.4828 640 480 250
47 0 yuv/src48_640x480_hrc00.yuv yuv/src48_640x480_hrc18.yuv 2.4138 640 480 250
48 0 yuv/src49_640x480_hrc00.yuv yuv/src49_640x480_hrc04.yuv 2.7241 640 480 250
48 0 yuv/src49_640x480_hrc00.yuv yuv/src49_640x480_hrc06.yuv 1.6552 640 480 250
48 0 yuv/src49_640x480_hrc00.yuv yuv/src49_640x480_hrc09.yuv 4.0690 640 480 250
48 0 yuv/src49_640x480_hrc00.yuv yuv/src49_640x480_hrc12.yuv 4.6552 640 480 250
49 0 yuv/src50_640x480_hrc00.yuv yuv/src50_640x480_hrc03.yuv 1.9655 640 480 250
49 0 yuv/src50_640x480_hrc00.yuv yuv/src50_640x480_hrc07.yuv 2.6207 640 480 250
49 0 yuv/src50_640x480_hrc00.yuv yuv/src50_640x480_hrc10.yuv 4.6552 640 480 250
49 0 yuv/src50_640x480_hrc00.yuv yuv/src50_640x480_hrc13.yuv 4.1724 640 480 250
50 0 yuv/src51_640x480_hrc00.yuv yuv/src51_640x480_hrc04.yuv 2.7241 640 480 250
50 0 yuv/src51_640x480_hrc00.yuv yuv/src51_640x480_hrc06.yuv 1.8276 640 480 250
50 0 yuv/src51_640x480_hrc00.yuv yuv/src51_640x480_hrc10.yuv 4.4828 640 480 250
50 0 yuv/src51_640x480_hrc00.yuv yuv/src51_640x480_hrc13.yuv 4.1034 640 480 250
51 0 yuv/src52_640x480_hrc00.yuv yuv/src52_640x480_hrc02.yuv 1.4828 640 480 250
51 0 yuv/src52_640x480_hrc00.yuv yuv/src52_640x480_hrc15.yuv 4.3448 640 480 250
51 0 yuv/src52_640x480_hrc00.yuv yuv/src52_640x480_hrc16.yuv 2.4828 640 480 250
51 0 yuv/src52_640x480_hrc00.yuv yuv/src52_640x480_hrc18.yuv 3.2069 640 480 250
52 0 yuv/src53_640x480_hrc00.yuv yuv/src53_640x480_hrc02.yuv 1.4483 640 480 250
52 0 yuv/src53_640x480_hrc00.yuv yuv/src53_640x480_hrc04.yuv 2.4138 640 480 250
52 0 yuv/src53_640x480_hrc00.yuv yuv/src53_640x480_hrc05.yuv 3.3448 640 480 250
52 0 yuv/src53_640x480_hrc00.yuv yuv/src53_640x480_hrc12.yuv 3.8621 640 480 250
53 0 yuv/src54_640x480_hrc00.yuv yuv/src54_640x480_hrc02.yuv 1.5862 640 480 250
53 0 yuv/src54_640x480_hrc00.yuv yuv/src54_640x480_hrc11.yuv 2.9310 640 480 250
53 0 yuv/src54_640x480_hrc00.yuv yuv/src54_640x480_hrc15.yuv 4.4828 640 480 250
53 0 yuv/src54_640x480_hrc00.yuv yuv/src54_640x480_hrc17.yuv 4.1379 640 480 250
54 0 yuv/src55_640x480_hrc00.yuv yuv/src55_640x480_hrc03.yuv 2.1034 640 480 250
54 0 yuv/src55_640x480_hrc00.yuv yuv/src55_640x480_hrc07.yuv 2.5172 640 480 250
54 0 yuv/src55_640x480_hrc00.yuv yuv/src55_640x480_hrc18.yuv 3.5172 640 480 250
54 0 yuv/src55_640x480_hrc00.yuv yuv/src55_640x480_hrc19.yuv 4.3448 640 480 250
55 0 yuv/src56_640x480_hrc00.yuv yuv/src56_640x480_hrc04.yuv 2.4138 640 480 250
55 0 yuv/src56_640x480_hrc00.yuv yuv/src56_640x480_hrc05.yuv 3.0345 640 480 250
55 0 yuv/src56_640x480_hrc00.yuv yuv/src56_640x480_hrc06.yuv 1.4138 640 480 250
55 0 yuv/src56_640x480_hrc00.yuv yuv/src56_640x480_hrc12.yuv 3.3448 640 480 250
56 0 yuv/src57_640x480_hrc00.yuv yuv/src57_640x480_hrc01.yuv 1.1034 640 480 250
56 0 yuv/src57_640x480_hrc00.yuv yuv/src57_640x480_hrc14.yuv 3.5517 640 480 250
56 0 yuv/src57_640x480_hrc00.yuv yuv/src57_640x480_hrc17.yuv 4.2759 640 480 250
56 0 yuv/src57_640x480_hrc00.yuv yuv/src57_640x480_hrc19.yuv 4.3448 640 480 250
57 0 yuv/src58_640x480_hrc00.yuv yuv/src58_640x480_hrc01.yuv 1.1724 640 480 250
57 0 yuv/src58_640x480_hrc00.yuv yuv/src58_640x480_hrc12.yuv 4.3793 640 480 250
57 0 yuv/src58_640x480_hrc00.yuv yuv/src58_640x480_hrc16.yuv 2.4138 640 480 250
57 0 yuv/src58_640x480_hrc00.yuv yuv/src58_640x480_hrc18.yuv 3.5862 640 480 250
58 0 yuv/src59_640x480_hrc00.yuv yuv/src59_640x480_hrc06.yuv 1.8966 640 480 250
58 0 yuv/src59_640x480_hrc00.yuv yuv/src59_640x480_hrc11.yuv 2.9310 640 480 250
58 0 yuv/src59_640x480_hrc00.yuv yuv/src59_640x480_hrc13.yuv 3.7586 640 480 250
58 0 yuv/src59_640x480_hrc00.yuv yuv/src59_640x480_hrc15.yuv 4.4483 640 480 250
59 0 yuv/src60_640x480_hrc00.yuv yuv/src60_640x480_hrc03.yuv 2.2759 640 480 250
59 0 yuv/src60_640x480_hrc00.yuv yuv/src60_640x480_hrc05.yuv 4.4138 640 480 250
59 0 yuv/src60_640x480_hrc00.yuv yuv/src60_640x480_hrc14.yuv 3.4138 640 480 250
59 0 yuv/src60_640x480_hrc00.yuv yuv/src60_640x480_hrc15.yuv 4.6552 640 480 250
